我是log6904.csv文件 
