我是log9501.csv文件 
