我是log1777.csv文件 
