我是log2500.csv文件 
