我是log465.csv文件 
