我是log45.csv文件 
