我是log5185.csv文件 
